INDEX1 LOG(N) INDEX2 LOG(G)      OI(63)   OI(145) (erg/cm2/s) 
------ ------ ------ ------     ------    ------
     0  1.000      0 -0.500     0.718E-05 0.351E-06
     0  1.000      1 -0.250     0.106E-04 0.546E-06
     0  1.000      2  0.000     0.168E-04 0.944E-06
     0  1.000      3  0.250     0.276E-04 0.173E-05
     0  1.000      4  0.500     0.416E-04 0.283E-05
     0  1.000      5  0.750     0.631E-04 0.465E-05
     0  1.000      6  1.000     0.933E-04 0.727E-05
     0  1.000      7  1.250     0.133E-03 0.107E-04
     0  1.000      8  1.500     0.180E-03 0.149E-04
     0  1.000      9  1.750     0.234E-03 0.197E-04
     0  1.000     10  2.000     0.293E-03 0.248E-04
     0  1.000     11  2.250     0.356E-03 0.303E-04
     0  1.000     12  2.500     0.421E-03 0.361E-04
     0  1.000     13  2.750     0.488E-03 0.420E-04
     0  1.000     14  3.000     0.554E-03 0.478E-04
     0  1.000     15  3.250     0.619E-03 0.537E-04
     0  1.000     16  3.500     0.685E-03 0.595E-04
     0  1.000     17  3.750     0.748E-03 0.652E-04
     0  1.000     18  4.000     0.808E-03 0.707E-04
     0  1.000     19  4.250     0.866E-03 0.759E-04
     0  1.000     20  4.500     0.926E-03 0.814E-04
     0  1.000     21  4.750     0.979E-03 0.863E-04
     0  1.000     22  5.000     0.103E-02 0.909E-04
     0  1.000     23  5.250     0.108E-02 0.956E-04
     0  1.000     24  5.500     0.112E-02 0.100E-03
     0  1.000     25  5.750     0.117E-02 0.104E-03
     0  1.000     26  6.000     0.120E-02 0.108E-03
     0  1.000     27  6.250     0.124E-02 0.112E-03
     0  1.000     28  6.500     0.127E-02 0.115E-03
     1  1.250      0 -0.500     0.569E-05 0.256E-06
     1  1.250      1 -0.250     0.837E-05 0.394E-06
     1  1.250      2  0.000     0.131E-04 0.654E-06
     1  1.250      3  0.250     0.214E-04 0.117E-05
     1  1.250      4  0.500     0.328E-04 0.195E-05
     1  1.250      5  0.750     0.518E-04 0.339E-05
     1  1.250      6  1.000     0.813E-04 0.575E-05
     1  1.250      7  1.250     0.123E-03 0.936E-05
     1  1.250      8  1.500     0.179E-03 0.142E-04
     1  1.250      9  1.750     0.249E-03 0.204E-04
     1  1.250     10  2.000     0.334E-03 0.279E-04
     1  1.250     11  2.250     0.431E-03 0.364E-04
     1  1.250     12  2.500     0.535E-03 0.456E-04
     1  1.250     13  2.750     0.645E-03 0.552E-04
     1  1.250     14  3.000     0.755E-03 0.650E-04
     1  1.250     15  3.250     0.866E-03 0.749E-04
     1  1.250     16  3.500     0.978E-03 0.849E-04
     1  1.250     17  3.750     0.109E-02 0.948E-04
     1  1.250     18  4.000     0.120E-02 0.105E-03
     1  1.250     19  4.250     0.130E-02 0.114E-03
     1  1.250     20  4.500     0.140E-02 0.123E-03
     1  1.250     21  4.750     0.150E-02 0.132E-03
     1  1.250     22  5.000     0.159E-02 0.141E-03
     1  1.250     23  5.250     0.167E-02 0.149E-03
     1  1.250     24  5.500     0.175E-02 0.157E-03
     1  1.250     25  5.750     0.183E-02 0.164E-03
     1  1.250     26  6.000     0.190E-02 0.172E-03
     1  1.250     27  6.250     0.197E-02 0.178E-03
     1  1.250     28  6.500     0.202E-02 0.184E-03
     2  1.500      0 -0.500     0.453E-05 0.191E-06
     2  1.500      1 -0.250     0.670E-05 0.290E-06
     2  1.500      2  0.000     0.105E-04 0.482E-06
     2  1.500      3  0.250     0.171E-04 0.837E-06
     2  1.500      4  0.500     0.262E-04 0.136E-05
     2  1.500      5  0.750     0.424E-04 0.241E-05
     2  1.500      6  1.000     0.695E-04 0.438E-05
     2  1.500      7  1.250     0.111E-03 0.768E-05
     2  1.500      8  1.500     0.171E-03 0.127E-04
     2  1.500      9  1.750     0.252E-03 0.196E-04
     2  1.500     10  2.000     0.355E-03 0.285E-04
     2  1.500     11  2.250     0.483E-03 0.398E-04
     2  1.500     12  2.500     0.644E-03 0.540E-04
     2  1.500     13  2.750     0.821E-03 0.695E-04
     2  1.500     14  3.000     0.100E-02 0.857E-04
     2  1.500     15  3.250     0.119E-02 0.102E-03
     2  1.500     16  3.500     0.138E-02 0.119E-03
     2  1.500     17  3.750     0.157E-02 0.136E-03
     2  1.500     18  4.000     0.175E-02 0.153E-03
     2  1.500     19  4.250     0.193E-02 0.170E-03
     2  1.500     20  4.500     0.211E-02 0.186E-03
     2  1.500     21  4.750     0.228E-02 0.202E-03
     2  1.500     22  5.000     0.244E-02 0.217E-03
     2  1.500     23  5.250     0.260E-02 0.232E-03
     2  1.500     24  5.500     0.274E-02 0.246E-03
     2  1.500     25  5.750     0.288E-02 0.259E-03
     2  1.500     26  6.000     0.300E-02 0.272E-03
     2  1.500     27  6.250     0.312E-02 0.284E-03
     2  1.500     28  6.500     0.322E-02 0.296E-03
     3  1.750      0 -0.500     0.323E-05 0.125E-06
     3  1.750      1 -0.250     0.512E-05 0.203E-06
     3  1.750      2  0.000     0.835E-05 0.347E-06
     3  1.750      3  0.250     0.141E-04 0.629E-06
     3  1.750      4  0.500     0.216E-04 0.100E-05
     3  1.750      5  0.750     0.352E-04 0.175E-05
     3  1.750      6  1.000     0.595E-04 0.327E-05
     3  1.750      7  1.250     0.100E-03 0.610E-05
     3  1.750      8  1.500     0.162E-03 0.108E-04
     3  1.750      9  1.750     0.251E-03 0.180E-04
     3  1.750     10  2.000     0.371E-03 0.281E-04
     3  1.750     11  2.250     0.524E-03 0.413E-04
     3  1.750     12  2.500     0.716E-03 0.580E-04
     3  1.750     13  2.750     0.970E-03 0.804E-04
     3  1.750     14  3.000     0.128E-02 0.107E-03
     3  1.750     15  3.250     0.159E-02 0.136E-03
     3  1.750     16  3.500     0.191E-02 0.164E-03
     3  1.750     17  3.750     0.223E-02 0.193E-03
     3  1.750     18  4.000     0.255E-02 0.222E-03
     3  1.750     19  4.250     0.286E-02 0.251E-03
     3  1.750     20  4.500     0.317E-02 0.279E-03
     3  1.750     21  4.750     0.347E-02 0.307E-03
     3  1.750     22  5.000     0.375E-02 0.334E-03
     3  1.750     23  5.250     0.402E-02 0.360E-03
     3  1.750     24  5.500     0.428E-02 0.386E-03
     3  1.750     25  5.750     0.452E-02 0.410E-03
     3  1.750     26  6.000     0.475E-02 0.433E-03
     3  1.750     27  6.250     0.495E-02 0.455E-03
     3  1.750     28  6.500     0.514E-02 0.475E-03
     4  2.000      0 -0.500     0.210E-05 0.758E-07
     4  2.000      1 -0.250     0.349E-05 0.124E-06
     4  2.000      2  0.000     0.618E-05 0.229E-06
     4  2.000      3  0.250     0.115E-04 0.464E-06
     4  2.000      4  0.500     0.183E-04 0.775E-06
     4  2.000      5  0.750     0.308E-04 0.140E-05
     4  2.000      6  1.000     0.534E-04 0.262E-05
     4  2.000      7  1.250     0.928E-04 0.503E-05
     4  2.000      8  1.500     0.157E-03 0.938E-05
     4  2.000      9  1.750     0.254E-03 0.165E-04
     4  2.000     10  2.000     0.392E-03 0.274E-04
     4  2.000     11  2.250     0.574E-03 0.424E-04
     4  2.000     12  2.500     0.811E-03 0.625E-04
     4  2.000     13  2.750     0.110E-02 0.881E-04
     4  2.000     14  3.000     0.148E-02 0.121E-03
     4  2.000     15  3.250     0.201E-02 0.168E-03
     4  2.000     16  3.500     0.257E-02 0.218E-03
     4  2.000     17  3.750     0.313E-02 0.268E-03
     4  2.000     18  4.000     0.368E-02 0.318E-03
     4  2.000     19  4.250     0.421E-02 0.367E-03
     4  2.000     20  4.500     0.474E-02 0.416E-03
     4  2.000     21  4.750     0.525E-02 0.465E-03
     4  2.000     22  5.000     0.575E-02 0.512E-03
     4  2.000     23  5.250     0.622E-02 0.559E-03
     4  2.000     24  5.500     0.668E-02 0.604E-03
     4  2.000     25  5.750     0.711E-02 0.647E-03
     4  2.000     26  6.000     0.750E-02 0.689E-03
     4  2.000     27  6.250     0.787E-02 0.729E-03
     4  2.000     28  6.500     0.820E-02 0.766E-03
     5  2.250      0 -0.500     0.137E-05 0.467E-07
     5  2.250      1 -0.250     0.232E-05 0.743E-07
     5  2.250      2  0.000     0.455E-05 0.151E-06
     5  2.250      3  0.250     0.920E-05 0.336E-06
     5  2.250      4  0.500     0.160E-04 0.636E-06
     5  2.250      5  0.750     0.289E-04 0.124E-05
     5  2.250      6  1.000     0.526E-04 0.244E-05
     5  2.250      7  1.250     0.942E-04 0.474E-05
     5  2.250      8  1.500     0.164E-03 0.899E-05
     5  2.250      9  1.750     0.273E-03 0.163E-04
     5  2.250     10  2.000     0.433E-03 0.279E-04
     5  2.250     11  2.250     0.652E-03 0.449E-04
     5  2.250     12  2.500     0.944E-03 0.686E-04
     5  2.250     13  2.750     0.132E-02 0.997E-04
     5  2.250     14  3.000     0.177E-02 0.139E-03
     5  2.250     15  3.250     0.233E-02 0.188E-03
     5  2.250     16  3.500     0.323E-02 0.268E-03
     5  2.250     17  3.750     0.423E-02 0.357E-03
     5  2.250     18  4.000     0.521E-02 0.445E-03
     5  2.250     19  4.250     0.614E-02 0.531E-03
     5  2.250     20  4.500     0.704E-02 0.615E-03
     5  2.250     21  4.750     0.793E-02 0.699E-03
     5  2.250     22  5.000     0.878E-02 0.782E-03
     5  2.250     23  5.250     0.961E-02 0.864E-03
     5  2.250     24  5.500     0.104E-01 0.943E-03
     5  2.250     25  5.750     0.111E-01 0.102E-02
     5  2.250     26  6.000     0.118E-01 0.109E-02
     5  2.250     27  6.250     0.125E-01 0.117E-02
     5  2.250     28  6.500     0.131E-01 0.123E-02
     6  2.500      0 -0.500     0.960E-06 0.319E-07
     6  2.500      1 -0.250     0.177E-05 0.523E-07
     6  2.500      2  0.000     0.370E-05 0.111E-06
     6  2.500      3  0.250     0.806E-05 0.270E-06
     6  2.500      4  0.500     0.151E-04 0.562E-06
     6  2.500      5  0.750     0.295E-04 0.123E-05
     6  2.500      6  1.000     0.570E-04 0.260E-05
     6  2.500      7  1.250     0.107E-03 0.527E-05
     6  2.500      8  1.500     0.191E-03 0.101E-04
     6  2.500      9  1.750     0.324E-03 0.184E-04
     6  2.500     10  2.000     0.522E-03 0.318E-04
     6  2.500     11  2.250     0.797E-03 0.517E-04
     6  2.500     12  2.500     0.116E-02 0.799E-04
     6  2.500     13  2.750     0.164E-02 0.118E-03
     6  2.500     14  3.000     0.224E-02 0.168E-03
     6  2.500     15  3.250     0.297E-02 0.230E-03
     6  2.500     16  3.500     0.383E-02 0.307E-03
     6  2.500     17  3.750     0.541E-02 0.445E-03
     6  2.500     18  4.000     0.708E-02 0.595E-03
     6  2.500     19  4.250     0.877E-02 0.748E-03
     6  2.500     20  4.500     0.104E-01 0.897E-03
     6  2.500     21  4.750     0.118E-01 0.104E-02
     6  2.500     22  5.000     0.133E-01 0.118E-02
     6  2.500     23  5.250     0.147E-01 0.133E-02
     6  2.500     24  5.500     0.161E-01 0.146E-02
     6  2.500     25  5.750     0.174E-01 0.160E-02
     6  2.500     26  6.000     0.185E-01 0.173E-02
     6  2.500     27  6.250     0.196E-01 0.186E-02
     6  2.500     28  6.500     0.207E-01 0.198E-02
     7  2.750      0 -0.500     0.745E-06 0.239E-07
     7  2.750      1 -0.250     0.149E-05 0.399E-07
     7  2.750      2  0.000     0.352E-05 0.955E-07
     7  2.750      3  0.250     0.817E-05 0.253E-06
     7  2.750      4  0.500     0.156E-04 0.546E-06
     7  2.750      5  0.750     0.320E-04 0.128E-05
     7  2.750      6  1.000     0.662E-04 0.300E-05
     7  2.750      7  1.250     0.132E-03 0.652E-05
     7  2.750      8  1.500     0.245E-03 0.130E-04
     7  2.750      9  1.750     0.425E-03 0.238E-04
     7  2.750     10  2.000     0.689E-03 0.408E-04
     7  2.750     11  2.250     0.106E-02 0.661E-04
     7  2.750     12  2.500     0.154E-02 0.102E-03
     7  2.750     13  2.750     0.218E-02 0.150E-03
     7  2.750     14  3.000     0.297E-02 0.213E-03
     7  2.750     15  3.250     0.393E-02 0.294E-03
     7  2.750     16  3.500     0.510E-02 0.395E-03
     7  2.750     17  3.750     0.647E-02 0.516E-03
     7  2.750     18  4.000     0.939E-02 0.769E-03
     7  2.750     19  4.250     0.121E-01 0.101E-02
     7  2.750     20  4.500     0.149E-01 0.127E-02
     7  2.750     21  4.750     0.176E-01 0.152E-02
     7  2.750     22  5.000     0.200E-01 0.176E-02
     7  2.750     23  5.250     0.224E-01 0.201E-02
     7  2.750     24  5.500     0.247E-01 0.224E-02
     7  2.750     25  5.750     0.268E-01 0.248E-02
     7  2.750     26  6.000     0.288E-01 0.271E-02
     7  2.750     27  6.250     0.306E-01 0.292E-02
     7  2.750     28  6.500     0.323E-01 0.313E-02
     8  3.000      0 -0.500     0.577E-06 0.170E-07
     8  3.000      1 -0.250     0.131E-05 0.304E-07
     8  3.000      2  0.000     0.373E-05 0.895E-07
     8  3.000      3  0.250     0.958E-05 0.280E-06
     8  3.000      4  0.500     0.183E-04 0.611E-06
     8  3.000      5  0.750     0.375E-04 0.145E-05
     8  3.000      6  1.000     0.804E-04 0.355E-05
     8  3.000      7  1.250     0.169E-03 0.844E-05
     8  3.000      8  1.500     0.329E-03 0.177E-04
     8  3.000      9  1.750     0.588E-03 0.333E-04
     8  3.000     10  2.000     0.972E-03 0.574E-04
     8  3.000     11  2.250     0.149E-02 0.921E-04
     8  3.000     12  2.500     0.218E-02 0.141E-03
     8  3.000     13  2.750     0.306E-02 0.205E-03
     8  3.000     14  3.000     0.415E-02 0.290E-03
     8  3.000     15  3.250     0.548E-02 0.398E-03
     8  3.000     16  3.500     0.706E-02 0.531E-03
     8  3.000     17  3.750     0.894E-02 0.695E-03
     8  3.000     18  4.000     0.111E-01 0.893E-03
     8  3.000     19  4.250     0.167E-01 0.136E-02
     8  3.000     20  4.500     0.211E-01 0.176E-02
     8  3.000     21  4.750     0.256E-01 0.218E-02
     8  3.000     22  5.000     0.296E-01 0.258E-02
     8  3.000     23  5.250     0.334E-01 0.296E-02
     8  3.000     24  5.500     0.373E-01 0.337E-02
     8  3.000     25  5.750     0.409E-01 0.377E-02
     8  3.000     26  6.000     0.441E-01 0.414E-02
     8  3.000     27  6.250     0.471E-01 0.451E-02
     8  3.000     28  6.500     0.499E-01 0.486E-02
     9  3.250      0 -0.500     0.417E-06 0.998E-08
     9  3.250      1 -0.250     0.114E-05 0.211E-07
     9  3.250      2  0.000     0.391E-05 0.797E-07
     9  3.250      3  0.250     0.116E-04 0.311E-06
     9  3.250      4  0.500     0.231E-04 0.736E-06
     9  3.250      5  0.750     0.471E-04 0.175E-05
     9  3.250      6  1.000     0.101E-03 0.442E-05
     9  3.250      7  1.250     0.219E-03 0.109E-04
     9  3.250      8  1.500     0.444E-03 0.242E-04
     9  3.250      9  1.750     0.818E-03 0.469E-04
     9  3.250     10  2.000     0.138E-02 0.820E-04
     9  3.250     11  2.250     0.217E-02 0.133E-03
     9  3.250     12  2.500     0.319E-02 0.202E-03
     9  3.250     13  2.750     0.447E-02 0.294E-03
     9  3.250     14  3.000     0.603E-02 0.411E-03
     9  3.250     15  3.250     0.793E-02 0.562E-03
     9  3.250     16  3.500     0.101E-01 0.743E-03
     9  3.250     17  3.750     0.128E-01 0.970E-03
     9  3.250     18  4.000     0.158E-01 0.124E-02
     9  3.250     19  4.250     0.192E-01 0.156E-02
     9  3.250     20  4.500     0.297E-01 0.241E-02
     9  3.250     21  4.750     0.367E-01 0.305E-02
     9  3.250     22  5.000     0.435E-01 0.370E-02
     9  3.250     23  5.250     0.490E-01 0.426E-02
     9  3.250     24  5.500     0.551E-01 0.489E-02
     9  3.250     25  5.750     0.610E-01 0.555E-02
     9  3.250     26  6.000     0.663E-01 0.617E-02
     9  3.250     27  6.250     0.710E-01 0.674E-02
     9  3.250     28  6.500     0.754E-01 0.730E-02
    10  3.500      0 -0.500     0.268E-06 0.396E-08
    10  3.500      1 -0.250     0.993E-06 0.134E-07
    10  3.500      2  0.000     0.389E-05 0.667E-07
    10  3.500      3  0.250     0.128E-04 0.301E-06
    10  3.500      4  0.500     0.283E-04 0.828E-06
    10  3.500      5  0.750     0.601E-04 0.212E-05
    10  3.500      6  1.000     0.130E-03 0.541E-05
    10  3.500      7  1.250     0.284E-03 0.137E-04
    10  3.500      8  1.500     0.588E-03 0.316E-04
    10  3.500      9  1.750     0.111E-02 0.633E-04
    10  3.500     10  2.000     0.192E-02 0.113E-03
    10  3.500     11  2.250     0.309E-02 0.186E-03
    10  3.500     12  2.500     0.465E-02 0.287E-03
    10  3.500     13  2.750     0.658E-02 0.420E-03
    10  3.500     14  3.000     0.892E-02 0.591E-03
    10  3.500     15  3.250     0.117E-01 0.804E-03
    10  3.500     16  3.500     0.149E-01 0.107E-02
    10  3.500     17  3.750     0.186E-01 0.138E-02
    10  3.500     18  4.000     0.229E-01 0.177E-02
    10  3.500     19  4.250     0.278E-01 0.222E-02
    10  3.500     20  4.500     0.332E-01 0.274E-02
    10  3.500     21  4.750     0.522E-01 0.419E-02
    10  3.500     22  5.000     0.626E-01 0.514E-02
    10  3.500     23  5.250     0.722E-01 0.607E-02
    10  3.500     24  5.500     0.806E-01 0.695E-02
    10  3.500     25  5.750     0.891E-01 0.787E-02
    10  3.500     26  6.000     0.973E-01 0.880E-02
    10  3.500     27  6.250     0.105E+00 0.967E-02
    10  3.500     28  6.500     0.111E+00 0.105E-01
    11  3.750      0 -0.500     0.200E-06 0.161E-08
    11  3.750      1 -0.250     0.969E-06 0.104E-07
    11  3.750      2  0.000     0.418E-05 0.643E-07
    11  3.750      3  0.250     0.142E-04 0.295E-06
    11  3.750      4  0.500     0.339E-04 0.886E-06
    11  3.750      5  0.750     0.762E-04 0.245E-05
    11  3.750      6  1.000     0.167E-03 0.644E-05
    11  3.750      7  1.250     0.361E-03 0.163E-04
    11  3.750      8  1.500     0.753E-03 0.383E-04
    11  3.750      9  1.750     0.145E-02 0.791E-04
    11  3.750     10  2.000     0.257E-02 0.145E-03
    11  3.750     11  2.250     0.424E-02 0.245E-03
    11  3.750     12  2.500     0.656E-02 0.388E-03
    11  3.750     13  2.750     0.951E-02 0.578E-03
    11  3.750     14  3.000     0.131E-01 0.824E-03
    11  3.750     15  3.250     0.172E-01 0.113E-02
    11  3.750     16  3.500     0.221E-01 0.152E-02
    11  3.750     17  3.750     0.275E-01 0.197E-02
    11  3.750     18  4.000     0.337E-01 0.251E-02
    11  3.750     19  4.250     0.406E-01 0.314E-02
    11  3.750     20  4.500     0.483E-01 0.387E-02
    11  3.750     21  4.750     0.568E-01 0.470E-02
    11  3.750     22  5.000     0.885E-01 0.691E-02
    11  3.750     23  5.250     0.103E+00 0.822E-02
    11  3.750     24  5.500     0.114E+00 0.932E-02
    11  3.750     25  5.750     0.128E+00 0.107E-01
    11  3.750     26  6.000     0.139E+00 0.119E-01
    11  3.750     27  6.250     0.150E+00 0.132E-01
    11  3.750     28  6.500     0.159E+00 0.143E-01
    12  4.000      0 -0.500     0.611E-06 0.677E-08
    12  4.000      1 -0.250     0.150E-05 0.174E-07
    12  4.000      2  0.000     0.476E-05 0.679E-07
    12  4.000      3  0.250     0.164E-04 0.307E-06
    12  4.000      4  0.500     0.412E-04 0.949E-06
    12  4.000      5  0.750     0.957E-04 0.269E-05
    12  4.000      6  1.000     0.211E-03 0.715E-05
    12  4.000      7  1.250     0.451E-03 0.180E-04
    12  4.000      8  1.500     0.930E-03 0.422E-04
    12  4.000      9  1.750     0.182E-02 0.900E-04
    12  4.000     10  2.000     0.328E-02 0.172E-03
    12  4.000     11  2.250     0.555E-02 0.299E-03
    12  4.000     12  2.500     0.886E-02 0.488E-03
    12  4.000     13  2.750     0.132E-01 0.749E-03
    12  4.000     14  3.000     0.186E-01 0.109E-02
    12  4.000     15  3.250     0.249E-01 0.153E-02
    12  4.000     16  3.500     0.322E-01 0.207E-02
    12  4.000     17  3.750     0.403E-01 0.271E-02
    12  4.000     18  4.000     0.494E-01 0.346E-02
    12  4.000     19  4.250     0.593E-01 0.432E-02
    12  4.000     20  4.500     0.703E-01 0.530E-02
    12  4.000     21  4.750     0.819E-01 0.636E-02
    12  4.000     22  5.000     0.122E+00 0.887E-02
    12  4.000     23  5.250     0.143E+00 0.105E-01
    12  4.000     24  5.500     0.159E+00 0.120E-01
    12  4.000     25  5.750     0.176E+00 0.136E-01
    12  4.000     26  6.000     0.194E+00 0.153E-01
    12  4.000     27  6.250     0.209E+00 0.169E-01
    12  4.000     28  6.500     0.222E+00 0.184E-01
    13  4.250      0 -0.500     0.453E-06 0.421E-08
    13  4.250      1 -0.250     0.234E-05 0.277E-07
    13  4.250      2  0.000     0.655E-05 0.886E-07
    13  4.250      3  0.250     0.175E-04 0.274E-06
    13  4.250      4  0.500     0.471E-04 0.902E-06
    13  4.250      5  0.750     0.113E-03 0.263E-05
    13  4.250      6  1.000     0.254E-03 0.704E-05
    13  4.250      7  1.250     0.542E-03 0.178E-04
    13  4.250      8  1.500     0.111E-02 0.420E-04
    13  4.250      9  1.750     0.217E-02 0.920E-04
    13  4.250     10  2.000     0.401E-02 0.184E-03
    13  4.250     11  2.250     0.694E-02 0.334E-03
    13  4.250     12  2.500     0.114E-01 0.566E-03
    13  4.250     13  2.750     0.176E-01 0.899E-03
    13  4.250     14  3.000     0.256E-01 0.135E-02
    13  4.250     15  3.250     0.351E-01 0.194E-02
    13  4.250     16  3.500     0.460E-01 0.265E-02
    13  4.250     17  3.750     0.582E-01 0.352E-02
    13  4.250     18  4.000     0.712E-01 0.448E-02
    13  4.250     19  4.250     0.856E-01 0.560E-02
    13  4.250     20  4.500     0.101E+00 0.685E-02
    13  4.250     21  4.750     0.118E+00 0.823E-02
    13  4.250     22  5.000     0.167E+00 0.109E-01
    13  4.250     23  5.250     0.193E+00 0.128E-01
    13  4.250     24  5.500     0.217E+00 0.146E-01
    13  4.250     25  5.750     0.239E+00 0.165E-01
    13  4.250     26  6.000     0.261E+00 0.183E-01
    13  4.250     27  6.250     0.281E+00 0.202E-01
    13  4.250     28  6.500     0.299E+00 0.219E-01
    14  4.500      0 -0.500     0.155E-06 0.112E-08
    14  4.500      1 -0.250     0.147E-05 0.126E-07
    14  4.500      2  0.000     0.675E-05 0.735E-07
    14  4.500      3  0.250     0.192E-04 0.243E-06
    14  4.500      4  0.500     0.454E-04 0.654E-06
    14  4.500      5  0.750     0.119E-03 0.208E-05
    14  4.500      6  1.000     0.278E-03 0.584E-05
    14  4.500      7  1.250     0.606E-03 0.152E-04
    14  4.500      8  1.500     0.126E-02 0.375E-04
    14  4.500      9  1.750     0.249E-02 0.853E-04
    14  4.500     10  2.000     0.465E-02 0.178E-03
    14  4.500     11  2.250     0.824E-02 0.340E-03
    14  4.500     12  2.500     0.139E-01 0.603E-03
    14  4.500     13  2.750     0.222E-01 0.999E-03
    14  4.500     14  3.000     0.336E-01 0.156E-02
    14  4.500     15  3.250     0.477E-01 0.229E-02
    14  4.500     16  3.500     0.639E-01 0.321E-02
    14  4.500     17  3.750     0.818E-01 0.428E-02
    14  4.500     18  4.000     0.101E+00 0.549E-02
    14  4.500     19  4.250     0.122E+00 0.685E-02
    14  4.500     20  4.500     0.144E+00 0.833E-02
    14  4.500     21  4.750     0.187E+00 0.105E-01
    14  4.500     22  5.000     0.223E+00 0.126E-01
    14  4.500     23  5.250     0.257E+00 0.146E-01
    14  4.500     24  5.500     0.286E+00 0.166E-01
    14  4.500     25  5.750     0.314E+00 0.185E-01
    14  4.500     26  6.000     0.341E+00 0.205E-01
    14  4.500     27  6.250     0.366E+00 0.224E-01
    14  4.500     28  6.500     0.389E+00 0.244E-01
    15  4.750      0 -0.500     0.300E-07 0.295E-09
    15  4.750      1 -0.250     0.503E-06 0.288E-08
    15  4.750      2  0.000     0.404E-05 0.300E-07
    15  4.750      3  0.250     0.165E-04 0.151E-06
    15  4.750      4  0.500     0.423E-04 0.442E-06
    15  4.750      5  0.750     0.106E-03 0.129E-05
    15  4.750      6  1.000     0.270E-03 0.404E-05
    15  4.750      7  1.250     0.625E-03 0.114E-04
    15  4.750      8  1.500     0.136E-02 0.303E-04
    15  4.750      9  1.750     0.272E-02 0.719E-04
    15  4.750     10  2.000     0.510E-02 0.155E-03
    15  4.750     11  2.250     0.925E-02 0.315E-03
    15  4.750     12  2.500     0.161E-01 0.594E-03
    15  4.750     13  2.750     0.267E-01 0.104E-02
    15  4.750     14  3.000     0.421E-01 0.169E-02
    15  4.750     15  3.250     0.621E-01 0.257E-02
    15  4.750     16  3.500     0.859E-01 0.367E-02
    15  4.750     17  3.750     0.112E+00 0.495E-02
    15  4.750     18  4.000     0.140E+00 0.637E-02
    15  4.750     19  4.250     0.169E+00 0.793E-02
    15  4.750     20  4.500     0.209E+00 0.980E-02
    15  4.750     21  4.750     0.251E+00 0.118E-01
    15  4.750     22  5.000     0.290E+00 0.137E-01
    15  4.750     23  5.250     0.326E+00 0.157E-01
    15  4.750     24  5.500     0.362E+00 0.176E-01
    15  4.750     25  5.750     0.395E+00 0.196E-01
    15  4.750     26  6.000     0.427E+00 0.216E-01
    15  4.750     27  6.250     0.458E+00 0.235E-01
    15  4.750     28  6.500     0.488E+00 0.255E-01
    16  5.000      0 -0.500     0.625E-08 0.108E-09
    16  5.000      1 -0.250     0.887E-07 0.519E-09
    16  5.000      2  0.000     0.142E-05 0.642E-08
    16  5.000      3  0.250     0.977E-05 0.593E-07
    16  5.000      4  0.500     0.339E-04 0.251E-06
    16  5.000      5  0.750     0.783E-04 0.630E-06
    16  5.000      6  1.000     0.231E-03 0.235E-05
    16  5.000      7  1.250     0.591E-03 0.762E-05
    16  5.000      8  1.500     0.137E-02 0.223E-04
    16  5.000      9  1.750     0.279E-02 0.554E-04
    16  5.000     10  2.000     0.532E-02 0.126E-03
    16  5.000     11  2.250     0.982E-02 0.270E-03
    16  5.000     12  2.500     0.176E-01 0.545E-03
    16  5.000     13  2.750     0.306E-01 0.102E-02
    16  5.000     14  3.000     0.504E-01 0.176E-02
    16  5.000     15  3.250     0.778E-01 0.278E-02
    16  5.000     16  3.500     0.111E+00 0.405E-02
    16  5.000     17  3.750     0.148E+00 0.550E-02
    16  5.000     18  4.000     0.187E+00 0.709E-02
    16  5.000     19  4.250     0.229E+00 0.877E-02
    16  5.000     20  4.500     0.271E+00 0.105E-01
    16  5.000     21  4.750     0.311E+00 0.123E-01
    16  5.000     22  5.000     0.353E+00 0.141E-01
    16  5.000     23  5.250     0.395E+00 0.160E-01
    16  5.000     24  5.500     0.436E+00 0.179E-01
    16  5.000     25  5.750     0.474E+00 0.197E-01
    16  5.000     26  6.000     0.511E+00 0.216E-01
    16  5.000     27  6.250     0.549E+00 0.236E-01
    16  5.000     28  6.500     0.584E+00 0.255E-01
    17  5.250      0 -0.500     0.202E-08 0.392E-10
    17  5.250      1 -0.250     0.130E-07 0.154E-09
    17  5.250      2  0.000     0.247E-06 0.880E-09
    17  5.250      3  0.250     0.355E-05 0.129E-07
    17  5.250      4  0.500     0.198E-04 0.978E-07
    17  5.250      5  0.750     0.565E-04 0.328E-06
    17  5.250      6  1.000     0.172E-03 0.119E-05
    17  5.250      7  1.250     0.506E-03 0.459E-05
    17  5.250      8  1.500     0.127E-02 0.151E-04
    17  5.250      9  1.750     0.269E-02 0.403E-04
    17  5.250     10  2.000     0.530E-02 0.976E-04
    17  5.250     11  2.250     0.100E-01 0.222E-03
    17  5.250     12  2.500     0.185E-01 0.478E-03
    17  5.250     13  2.750     0.336E-01 0.966E-03
    17  5.250     14  3.000     0.580E-01 0.178E-02
    17  5.250     15  3.250     0.913E-01 0.289E-02
    17  5.250     16  3.500     0.131E+00 0.420E-02
    17  5.250     17  3.750     0.174E+00 0.566E-02
    17  5.250     18  4.000     0.219E+00 0.722E-02
    17  5.250     19  4.250     0.266E+00 0.888E-02
    17  5.250     20  4.500     0.313E+00 0.106E-01
    17  5.250     21  4.750     0.355E+00 0.121E-01
    17  5.250     22  5.000     0.403E+00 0.139E-01
    17  5.250     23  5.250     0.449E+00 0.157E-01
    17  5.250     24  5.500     0.492E+00 0.174E-01
    17  5.250     25  5.750     0.539E+00 0.193E-01
    17  5.250     26  6.000     0.580E+00 0.211E-01
    17  5.250     27  6.250     0.620E+00 0.228E-01
    17  5.250     28  6.500     0.664E+00 0.248E-01
    18  5.500      0 -0.500     0.745E-09 0.144E-10
    18  5.500      1 -0.250     0.328E-08 0.514E-10
    18  5.500      2  0.000     0.293E-07 0.216E-09
    18  5.500      3  0.250     0.627E-06 0.154E-08
    18  5.500      4  0.500     0.720E-05 0.219E-07
    18  5.500      5  0.750     0.322E-04 0.132E-06
    18  5.500      6  1.000     0.105E-03 0.478E-06
    18  5.500      7  1.250     0.384E-03 0.248E-05
    18  5.500      8  1.500     0.109E-02 0.974E-05
    18  5.500      9  1.750     0.246E-02 0.286E-04
    18  5.500     10  2.000     0.506E-02 0.745E-04
    18  5.500     11  2.250     0.988E-02 0.180E-03
    18  5.500     12  2.500     0.187E-01 0.408E-03
    18  5.500     13  2.750     0.346E-01 0.864E-03
    18  5.500     14  3.000     0.607E-01 0.166E-02
    18  5.500     15  3.250     0.958E-01 0.276E-02
    18  5.500     16  3.500     0.137E+00 0.404E-02
    18  5.500     17  3.750     0.182E+00 0.542E-02
    18  5.500     18  4.000     0.231E+00 0.692E-02
    18  5.500     19  4.250     0.282E+00 0.853E-02
    18  5.500     20  4.500     0.333E+00 0.102E-01
    18  5.500     21  4.750     0.377E+00 0.116E-01
    18  5.500     22  5.000     0.423E+00 0.132E-01
    18  5.500     23  5.250     0.478E+00 0.150E-01
    18  5.500     24  5.500     0.524E+00 0.167E-01
    18  5.500     25  5.750     0.570E+00 0.183E-01
    18  5.500     26  6.000     0.623E+00 0.203E-01
    18  5.500     27  6.250     0.667E+00 0.219E-01
    18  5.500     28  6.500     0.718E+00 0.239E-01
    19  5.750      0 -0.500     0.266E-09 0.408E-11
    19  5.750      1 -0.250     0.112E-08 0.169E-10
    19  5.750      2  0.000     0.537E-08 0.665E-10
    19  5.750      3  0.250     0.675E-07 0.283E-09
    19  5.750      4  0.500     0.129E-05 0.251E-08
    19  5.750      5  0.750     0.121E-04 0.336E-07
    19  5.750      6  1.000     0.507E-04 0.163E-06
    19  5.750      7  1.250     0.248E-03 0.112E-05
    19  5.750      8  1.500     0.837E-03 0.560E-05
    19  5.750      9  1.750     0.208E-02 0.190E-04
    19  5.750     10  2.000     0.452E-02 0.540E-04
    19  5.750     11  2.250     0.917E-02 0.139E-03
    19  5.750     12  2.500     0.179E-01 0.334E-03
    19  5.750     13  2.750     0.338E-01 0.746E-03
    19  5.750     14  3.000     0.603E-01 0.149E-02
    19  5.750     15  3.250     0.945E-01 0.251E-02
    19  5.750     16  3.500     0.132E+00 0.362E-02
    19  5.750     17  3.750     0.174E+00 0.484E-02
    19  5.750     18  4.000     0.222E+00 0.622E-02
    19  5.750     19  4.250     0.274E+00 0.776E-02
    19  5.750     20  4.500     0.329E+00 0.938E-02
    19  5.750     21  4.750     0.376E+00 0.108E-01
    19  5.750     22  5.000     0.426E+00 0.124E-01
    19  5.750     23  5.250     0.475E+00 0.140E-01
    19  5.750     24  5.500     0.535E+00 0.159E-01
    19  5.750     25  5.750     0.584E+00 0.175E-01
    19  5.750     26  6.000     0.644E+00 0.196E-01
    19  5.750     27  6.250     0.692E+00 0.212E-01
    19  5.750     28  6.500     0.753E+00 0.234E-01
    20  6.000      0 -0.500     0.700E-10 0.100E-11
    20  6.000      1 -0.250     0.296E-09 0.424E-11
    20  6.000      2  0.000     0.133E-08 0.180E-10
    20  6.000      3  0.250     0.887E-08 0.770E-10
    20  6.000      4  0.500     0.142E-06 0.379E-09
    20  6.000      5  0.750     0.252E-05 0.464E-08
    20  6.000      6  1.000     0.173E-04 0.423E-07
    20  6.000      7  1.250     0.128E-03 0.411E-06
    20  6.000      8  1.500     0.568E-03 0.287E-05
    20  6.000      9  1.750     0.162E-02 0.118E-04
    20  6.000     10  2.000     0.380E-02 0.377E-04
    20  6.000     11  2.250     0.808E-02 0.105E-03
    20  6.000     12  2.500     0.162E-01 0.265E-03
    20  6.000     13  2.750     0.315E-01 0.622E-03
    20  6.000     14  3.000     0.568E-01 0.129E-02
    20  6.000     15  3.250     0.871E-01 0.214E-02
    20  6.000     16  3.500     0.117E+00 0.302E-02
    20  6.000     17  3.750     0.154E+00 0.406E-02
    20  6.000     18  4.000     0.200E+00 0.533E-02
    20  6.000     19  4.250     0.252E+00 0.682E-02
    20  6.000     20  4.500     0.309E+00 0.843E-02
    20  6.000     21  4.750     0.367E+00 0.101E-01
    20  6.000     22  5.000     0.417E+00 0.116E-01
    20  6.000     23  5.250     0.467E+00 0.132E-01
    20  6.000     24  5.500     0.536E+00 0.153E-01
    20  6.000     25  5.750     0.586E+00 0.169E-01
    20  6.000     26  6.000     0.655E+00 0.191E-01
    20  6.000     27  6.250     0.704E+00 0.207E-01
    20  6.000     28  6.500     0.752E+00 0.223E-01
    21  6.250      0 -0.500     0.200E-10 0.260E-12
    21  6.250      1 -0.250     0.859E-10 0.111E-11
    21  6.250      2  0.000     0.383E-09 0.496E-11
    21  6.250      3  0.250     0.188E-08 0.213E-10
    21  6.250      4  0.500     0.175E-07 0.959E-10
    21  6.250      5  0.750     0.341E-06 0.613E-09
    21  6.250      6  1.000     0.419E-05 0.786E-08
    21  6.250      7  1.250     0.500E-04 0.116E-06
    21  6.250      8  1.500     0.335E-03 0.128E-05
    21  6.250      9  1.750     0.113E-02 0.663E-05
    21  6.250     10  2.000     0.294E-02 0.244E-04
    21  6.250     11  2.250     0.665E-02 0.744E-04
    21  6.250     12  2.500     0.139E-01 0.201E-03
    21  6.250     13  2.750     0.276E-01 0.496E-03
    21  6.250     14  3.000     0.502E-01 0.105E-02
    21  6.250     15  3.250     0.759E-01 0.174E-02
    21  6.250     16  3.500     0.101E+00 0.244E-02
    21  6.250     17  3.750     0.131E+00 0.328E-02
    21  6.250     18  4.000     0.172E+00 0.442E-02
    21  6.250     19  4.250     0.222E+00 0.582E-02
    21  6.250     20  4.500     0.280E+00 0.742E-02
    21  6.250     21  4.750     0.341E+00 0.917E-02
    21  6.250     22  5.000     0.385E+00 0.105E-01
    21  6.250     23  5.250     0.458E+00 0.126E-01
    21  6.250     24  5.500     0.510E+00 0.142E-01
    21  6.250     25  5.750     0.584E+00 0.165E-01
    21  6.250     26  6.000     0.636E+00 0.181E-01
    21  6.250     27  6.250     0.708E+00 0.203E-01
    21  6.250     28  6.500     0.759E+00 0.220E-01
    22  6.500      0 -0.500     0.541E-11 0.651E-13
    22  6.500      1 -0.250     0.241E-10 0.289E-12
    22  6.500      2  0.000     0.106E-09 0.126E-11
    22  6.500      3  0.250     0.506E-09 0.576E-11
    22  6.500      4  0.500     0.322E-08 0.253E-10
    22  6.500      5  0.750     0.454E-07 0.121E-09
    22  6.500      6  1.000     0.783E-06 0.125E-08
    22  6.500      7  1.250     0.134E-04 0.222E-07
    22  6.500      8  1.500     0.169E-03 0.477E-06
    22  6.500      9  1.750     0.696E-03 0.320E-05
    22  6.500     10  2.000     0.204E-02 0.141E-04
    22  6.500     11  2.250     0.501E-02 0.483E-04
    22  6.500     12  2.500     0.110E-01 0.142E-03
    22  6.500     13  2.750     0.226E-01 0.369E-03
    22  6.500     14  3.000     0.416E-01 0.810E-03
    22  6.500     15  3.250     0.637E-01 0.137E-02
    22  6.500     16  3.500     0.859E-01 0.197E-02
    22  6.500     17  3.750     0.111E+00 0.265E-02
    22  6.500     18  4.000     0.144E+00 0.356E-02
    22  6.500     19  4.250     0.189E+00 0.479E-02
    22  6.500     20  4.500     0.244E+00 0.634E-02
    22  6.500     21  4.750     0.305E+00 0.805E-02
    22  6.500     22  5.000     0.372E+00 0.997E-02
    22  6.500     23  5.250     0.425E+00 0.115E-01
    22  6.500     24  5.500     0.479E+00 0.132E-01
    22  6.500     25  5.750     0.555E+00 0.154E-01
    22  6.500     26  6.000     0.609E+00 0.171E-01
    22  6.500     27  6.250     0.684E+00 0.194E-01
    22  6.500     28  6.500     0.737E+00 0.210E-01
    23  6.750      0 -0.500     0.136E-11 0.154E-13
    23  6.750      1 -0.250     0.628E-11 0.713E-13
    23  6.750      2  0.000     0.283E-10 0.312E-12
    23  6.750      3  0.250     0.134E-09 0.141E-11
    23  6.750      4  0.500     0.795E-09 0.667E-11
    23  6.750      5  0.750     0.802E-08 0.306E-10
    23  6.750      6  1.000     0.141E-06 0.223E-09
    23  6.750      7  1.250     0.287E-05 0.353E-08
    23  6.750      8  1.500     0.738E-04 0.149E-06
    23  6.750      9  1.750     0.370E-03 0.130E-05
    23  6.750     10  2.000     0.125E-02 0.695E-05
    23  6.750     11  2.250     0.339E-02 0.276E-04
    23  6.750     12  2.500     0.801E-02 0.901E-04
    23  6.750     13  2.750     0.170E-01 0.251E-03
    23  6.750     14  3.000     0.324E-01 0.582E-03
    23  6.750     15  3.250     0.518E-01 0.105E-02
    23  6.750     16  3.500     0.724E-01 0.158E-02
    23  6.750     17  3.750     0.939E-01 0.215E-02
    23  6.750     18  4.000     0.119E+00 0.285E-02
    23  6.750     19  4.250     0.156E+00 0.385E-02
    23  6.750     20  4.500     0.207E+00 0.525E-02
    23  6.750     21  4.750     0.265E+00 0.690E-02
    23  6.750     22  5.000     0.329E+00 0.869E-02
    23  6.750     23  5.250     0.389E+00 0.104E-01
    23  6.750     24  5.500     0.444E+00 0.121E-01
    23  6.750     25  5.750     0.523E+00 0.144E-01
    23  6.750     26  6.000     0.578E+00 0.161E-01
    23  6.750     27  6.250     0.656E+00 0.185E-01
    23  6.750     28  6.500     0.710E+00 0.201E-01
    24  7.000      0 -0.500     0.326E-12 0.354E-14
    24  7.000      1 -0.250     0.156E-11 0.172E-13
    24  7.000      2  0.000     0.735E-11 0.778E-13
    24  7.000      3  0.250     0.367E-10 0.351E-12
    24  7.000      4  0.500     0.224E-09 0.175E-11
    24  7.000      5  0.750     0.196E-08 0.793E-11
    24  7.000      6  1.000     0.305E-07 0.500E-10
    24  7.000      7  1.250     0.613E-06 0.582E-09
    24  7.000      8  1.500     0.293E-04 0.411E-07
    24  7.000      9  1.750     0.175E-03 0.452E-06
    24  7.000     10  2.000     0.666E-03 0.289E-05
    24  7.000     11  2.250     0.203E-02 0.135E-04
    24  7.000     12  2.500     0.526E-02 0.504E-04
    24  7.000     13  2.750     0.119E-01 0.154E-03
    24  7.000     14  3.000     0.238E-01 0.388E-03
    24  7.000     15  3.250     0.406E-01 0.769E-03
    24  7.000     16  3.500     0.599E-01 0.124E-02
    24  7.000     17  3.750     0.802E-01 0.177E-02
    24  7.000     18  4.000     0.102E+00 0.236E-02
    24  7.000     19  4.250     0.129E+00 0.309E-02
    24  7.000     20  4.500     0.170E+00 0.422E-02
    24  7.000     21  4.750     0.224E+00 0.572E-02
    24  7.000     22  5.000     0.286E+00 0.747E-02
    24  7.000     23  5.250     0.351E+00 0.936E-02
    24  7.000     24  5.500     0.406E+00 0.110E-01
    24  7.000     25  5.750     0.487E+00 0.134E-01
    24  7.000     26  6.000     0.544E+00 0.152E-01
    24  7.000     27  6.250     0.625E+00 0.176E-01
    24  7.000     28  6.500     0.681E+00 0.193E-01
