; x y Go(star) FIR FIRe [CII]158um [CII]e [OI]63um [OI]63e [OI]145um [OI]145e
;   (Habings) (======================Wm-2sr-1==============================)
       5       6       53.465729   3.3410602e-06  3.34106e-07  1.74369e-08  3.27528e-09      0.00000      1.00000      0.00000      1.00000 1 0 0
       5       7       81.902460   5.6944016e-06  5.69440e-07  2.29120e-08  2.34122e-09  1.00610e-08  1.06139e-09      0.00000      1.00000 1 0 0
       5       8       104.36171   6.8112698e-06  6.81127e-07  2.83771e-08  4.85743e-10  1.24404e-08  1.23324e-09      0.00000      1.00000 1 0 0
       5       9       113.48635   6.0806446e-06  6.08064e-07  2.19944e-08  1.13247e-09      0.00000      1.00000      0.00000      1.00000 1 0 0
       5      10       101.15852   4.2432759e-06  4.24328e-07  1.53985e-08  1.26202e-09      0.00000      1.00000      0.00000      1.00000 1 0 0
       6       5       58.199322   2.1267905e-06  2.12679e-07  1.21145e-08  1.62993e-09      0.00000      1.00000      0.00000      1.00000 1 0 0
       6       6       110.64450   3.9039410e-06  3.90394e-07  2.22587e-08  4.11284e-10  7.87178e-09  9.26717e-10      0.00000      1.00000 1 0 0
       6       7       172.84429   7.0375655e-06  7.03757e-07  3.59449e-08  3.70411e-10  1.45392e-08  6.18661e-10      0.00000      1.00000 1 0 0
       6       8       243.96817   1.0037224e-05  1.00372e-06  4.71009e-08  3.70411e-10  1.75417e-08  6.35480e-10      0.00000      1.00000 1 0 0
       6       9       515.15283   1.0091171e-05  1.00912e-06  4.09413e-08  3.57724e-10  1.49733e-08  9.58814e-10      0.00000      1.00000 1 0 0
       6      10       369.27558   7.0288275e-06  7.02883e-07  2.98008e-08  8.73549e-10      0.00000      1.00000      0.00000      1.00000 1 0 0
       7       5       120.63869   1.8263799e-06  1.82638e-07  1.18632e-08  1.62993e-09      0.00000      1.00000      0.00000      1.00000 1 0 0
       7       6       218.90222   3.1987004e-06  3.19870e-07  2.02113e-08  3.59128e-10  1.00552e-08  1.01518e-09      0.00000      1.00000 1 1 0
       7       7       319.09817   7.6058997e-06  7.60590e-07  3.07728e-08  3.70411e-10  1.78510e-08  6.97638e-10      0.00000      1.00000 1 1 0
       7       8       625.89455   1.1809951e-05  1.18100e-06  4.37298e-08  3.70411e-10  2.21358e-08  6.59113e-10      0.00000      1.00000 1 0 0
       7       9       1525.2781   1.2952114e-05  1.29521e-06  4.04411e-08  3.57724e-10  1.83657e-08  7.68000e-10      0.00000      1.00000 1 0 0
       7      10       1041.7000   9.2620660e-06  9.26207e-07  3.29323e-08  8.73549e-10      0.00000      1.00000      0.00000      1.00000 1 0 0
       8       5       174.58197   1.4277897e-06  1.42779e-07  1.14888e-08  1.62993e-09      0.00000      1.00000      0.00000      1.00000 1 0 0
       8       6       330.33544   2.3635801e-06  2.36358e-07  1.84501e-08  3.64303e-10  1.07652e-08  1.46398e-09      0.00000      1.00000 1 1 0
       8       7       468.73541   5.2050312e-06  5.20503e-07  3.08669e-08  3.57724e-10  1.82853e-08  7.55014e-10      0.00000      1.00000 1 1 0
       8       8       640.61757   7.1202977e-06  7.12030e-07  4.17642e-08  3.57724e-10  2.20180e-08  7.02800e-10      0.00000      1.00000 1 1 0
       8       9       1038.2590   7.8906273e-06  7.89063e-07  4.00041e-08  3.51209e-10  1.90230e-08  7.74410e-10      0.00000      1.00000 1 1 0
       8      10       659.22782   6.5489269e-06  6.54893e-07  3.28095e-08  7.18355e-10      0.00000      1.00000      0.00000      1.00000 1 0 0
       9       5       120.90672   1.3260608e-06  1.32606e-07  9.33722e-09  6.69011e-10      0.00000      1.00000      0.00000      1.00000 1 0 0
       9       6       282.46224   1.9764853e-06  1.97649e-07  1.28158e-08  3.56973e-10  1.02324e-08  1.52789e-09      0.00000      1.00000 1 1 0
       9       7       416.85381   3.4973460e-06  3.49735e-07  1.63092e-08  3.40673e-10  1.21125e-08  8.68663e-10      0.00000      1.00000 1 1 0
       9       8       408.30129   3.8633331e-06  3.86333e-07  2.05414e-08  3.40673e-10  1.14256e-08  7.54162e-10      0.00000      1.00000 1 1 0
       9       9       270.82723   3.8442660e-06  3.84427e-07  2.11538e-08  3.20631e-10  9.68008e-09  1.03842e-09      0.00000      1.00000 1 1 0
       9      10       162.47392   3.5132273e-06  3.51323e-07  1.98353e-08  5.42378e-10      0.00000      1.00000      0.00000      1.00000 1 0 0
      10       7       150.34690   2.2020324e-06  2.20203e-07  1.49424e-08  2.32995e-09      0.00000      1.00000      0.00000      1.00000 1 0 0
      10       8       161.66057   2.2115244e-06  2.21152e-07  1.67903e-08  4.73289e-10      0.00000      1.00000      0.00000      1.00000 1 0 0
      10       9       119.89530   2.1171994e-06  2.11720e-07  1.76304e-08  3.41969e-10      0.00000      1.00000      0.00000      1.00000 1 0 0
      10      10       90.994150   2.0160035e-06  2.01600e-07  1.73652e-08  6.60995e-10      0.00000      1.00000      0.00000      1.00000 1 0 0
      11       7       57.490450   1.8809251e-06  1.88093e-07  1.32398e-08  3.29020e-09      0.00000      1.00000      0.00000      1.00000 1 0 0
      11       8       61.518289   1.8754717e-06  1.87547e-07  1.29157e-08  5.78523e-10      0.00000      1.00000      0.00000      1.00000 1 0 0
      11       9       56.597996   1.7354524e-06  1.73545e-07  1.25121e-08  1.56139e-09      0.00000      1.00000      0.00000      1.00000 1 0 0
      11      10       45.648866   1.5524615e-06  1.55246e-07  1.20853e-08  1.56139e-09      0.00000      1.00000      0.00000      1.00000 1 0 0
